카테고리: 모든 카테고리

지역,이재명: (21. 12. 26.~22. 3. 26.),윤석열: (21. 12. 26.~22. 3. 26.),심상정: (21. 12. 26.~22. 3. 26.),안철수: (21. 12. 26.~22. 3. 26.)
서울특별시,47%,42%,2%,9%
경기도,47%,40%,3%,10%
광주광역시,49%,36%,3%,12%
전라북도,47%,38%,3%,12%
전라남도,47%,39%,2%,12%
부산광역시,44%,40%,3%,13%
대전광역시,45%,40%,2%,13%
강원도,44%,41%,4%,11%
인천광역시,46%,40%,2%,12%
대구광역시,44%,40%,3%,13%
충청북도,43%,42%,4%,11%
경상북도,40%,44%,3%,13%
경상남도,42%,41%,3%,14%
충청남도,42%,42%,3%,13%
제주특별자치도,44%,38%,3%,15%
울산광역시,44%,42%,2%,12%
